43085
9361
26994
71442
57910
48196
74994
60995
3328
80239
69809
89242
32760
23517
20008
74683
94982
19215
61187
12323
61167
28306
76982
34615
75400
64187
57590
7192
94819
33687
17886
66716
15935
66087
74020
65040
92939
94592
3160
55725
2885
8711
94662
93894
24262
93373
32167
66221
48451
38564
95628
92571
26069
98985
98986
18520
71273
24227
4421
9184
83075
35898
78376
92477
78769
72376
66490
13873
13324
85910
36052
39643
22873
24403
56558
63613
19056
40988
62841
4120
38324
99098
70176
73536
29834
16995
19838
33280
49302
27554
46669
24864
2107
34270
28103
29291
69125
95191
98005
17396
28730
47927
25702
11526
82652
11530
21659
25457
16960
10267
48683
31708
7776
225
15845
76848
9869
27010
42125
99199
78682
25793
3239
68454
21186
58961
25163
43990
86527
42395
88892
28449
99228
15591
919
91265
63820
63806
74114
15779
31802
7637
89987
30670
54522
53157
6021
46963
59467
59472
46979
80610
18787
17336
43313
37507
62939
36911
98015
87522
44900
65987
73046
72860
92373
59290
12371
23583
22390
7515
58110
5241
37940
24120
80451
75226
61516
84066
22789
31171
60909
73948
43396
12607
57175
45161
99430
81385
84868
13502
34729
22919
76650
74246
81657
9764
65102
94080
78661
12476
37865
35635
18263
24603
56896
47946
35708
35315
77866
3376
7594
91761
71214
16459
16149
26532
60412
34265
15540
22681
35348
95186
12547
20070
9099
41475
57229
86643
23699
41004
40069
61757
2739
70462
22026
634
13493
36877
37962
59613
51836
12218
54377
99586
24557
58785
66272
85585
13991
28938
13439
58019
94346
80017
86083
12330
82321
81935
6005
79666
72785
75577
90062
48866
94137
82198
21003
59749
31310
3696
87581
19134
76731
48513
19672
62992
269
83759
18686
81534
40024
54810
38743
30613
51988
96690
71777
80454
37057
94736
29121
49933
87980
26693
98306
91540
31800
95545
81909
66702
62023
39789
17406
46853
51082
66363
56405
52113
3546
15253
49677
96996
6980
28098
20421
11785
72536
7262
63453
52338
6092
69347
81654
81468
7692
20767
22257
69276
9857
54923
4579
87047
18253
47042
82848
27700
45497
92749
10470
12412
88508
66220
97724
48501
31113
15325
7330
70415
20570
52152
8831
2985
29241
20831
2125
32374
47705
3332
33717
80285
19456
25598
45091
90725
36362
10022
82435
4481
3021
57140
95024
4659
68824
73402
4128
62718
75146
55954
5729
42702
22404
58354
94651
7708
50561
83831
31201
28236
24741
65189
5100
22826
84543
74436
536
85663
81607
33896
44964
61108
17603
21453
34487
50539
34307
97824
25622
92454
16856
20360
43423
60198
84216
82340
39550
41372
37299
20066
40897
73707
67868
92812
13561
54926
59178
31644
40527
43887
24364
82621
38644
12511
28331
76131
45461
73685
49210
85699
88698
18657
24419
10692
73467
62005
28173
42748
39640
51691
46583
52165
61473
95611
48655
25346
38373
91718
30578
50543
88593
98793
99002
39316
56195
59394
83266
97967
6539
79984
75052
16986
54455
55994
22127
21131
9965
27584
99181
21343
57523
67112
95624
95474
96963
97298
66615
12325
11734
86583
2857
30820
86704
45706
78888
99769
82878
18534
71745
29930
61366
20490
67263
9040
8068
29031
79625
46189
10490
70949
36369
28563
77604
66710
55122
57251
80932
70106
88813
71890
1215
45669
31740
70197
8152
61056
95879
11824
7703
39125
83756
29282
84621
79352
46238
57062
68163
96145
51443
30248
30977
18898
24146
78620
23847
14479
78770
61894
31183
63398
68028
83456
28382
16703
3270
9466
15569
97500
68080
77334
43778
68629
61136
53219
44548
66261
31060
31711
76921
96361
79669
61605
8868
86675
835
37614
62588
85300
93924
28108
56828
8
86946
79555
75871
95995
43168
28787
18594
59893
46831
3404
1181
77258
73938
5116
89388
14588
83570
97584
51067
84973
51169
4239
97972
2430
38578
87554
7167
43809
25416
12922
17640
296
48909
15564
90118
66016
87305
29190
17005
58206
15494
63205
94975
61386
97324
48656
85324
27995
53173
51993
39404
89810
96254
97081
56092
30286
55694
59620
32036
21140
89920
9685
34335
96234
98973
95611
82277
6489
38193
27705
69692
26671
35502
29458
4143
42918
75432
48851
51500
26821
26419
33975
99754
35858
13744
42989
78458
67045
85938
70903
36070
46050
50328
28123
61704
59580
80294
64880
18194
92331
48569
20635
49849
43421
54484
51412
65045
19128
92183
313
80604
45865
34989
88459
71820
96151
77046
80078
45668
30419
15462
1437
54293
35010
29187
42030
54688
76097
10573
7627
38638
2059
12295
17132
73106
66856
60150
4679
68556
59287
30129
17538
22277
62456
39562
38389
28049
20624
85272
99476
31414
24671
99139
45563
58620
57800
77549
54584
16550
81231
91368
61932
644
73577
1127
83636
58001
94082
60308
27502
25543
23724
97471
38221
31853
32633
61677
74047
30010
12100
85806
2178
84252
1137
53197
2104
24772
11345
27339
11461
94335
48251
24864
18872
34126
35286
68892
3812
33198
78007
51619
12866
76003
69830
68330
79665
51876
6602
19628
77667
93116
81309
26703
79628
34947
57865
42556
96092
13853
76124
59271
4242
90195
24522
12094
45861
16065
41273
71949
79516
86260
47013
73567
84237
58453
57378
23207
43759
13794
21911
11268
87224
27558
15031
68636
1356
80883
99916
14591
45680
38921
70225
14033
14780
93420
16435
7558
45639
93681
58883
50656
18118
88421
64004
95076
82575
7082
43680
81816
22508
17560
24644
25168
49113
79070
80194
90983
65336
97685
92429
848
19945
73384
97289
51
74494
84806
33603
75945
76685
52562
8832
21641
14116
45126
52371
97177
13446
29950
5669
33300
73211
33645
23079
81040
20215
94367
89226
96161
73894
96169
87344
63379
84746
78551
12365
48892
29640
44952
57283
26682
50124
75609
21310
69637
50363
51873
92515
18546
44569
13068
90671
1142
98237
32292
2779
1080
89048
53287
86632
39866
76120
96762
43550
36172
94109
29043
91303
86351
9675
55843
66820
46916
41089
99611
93834
68663
84704
40384
41925
5181
64292
28336
89834
93523
14189
46328
372
22161
83585
19880
73192
98222
24994
37802
29340
54137
45687
65991
81231
78907
62207
249
58866
64291
97497
62341
812
21851
57436
49613
1551
22968
32720
69982
23376
3521
622
76005
61133
99986
25193
59517
90642
73569
34945
20802
30440
68762
31384
84227
14859
62135
60480
33523
2433
84639
94997
21231
61580
97836
8432
2222
67584
18677
72204
2909
75049
48349
68028
29128
57705
14224
63157
54640
82939
75401
2102
57638
424
69130
84267
37238
60426
50878
36537
42051
99108
14011
84295
85865
61043
84911
76383
40057
23804
50161
49695
35636
23563
55241
92787
42314
47909
1074
64600
21808
9924
43647
90431
61662
69206
87461
39453
91238
39311
97813
38245
23847
79368
31811
43138
6941
82283
4578
6880
10282
56495
58510
24188
23100
6716
20683
99900
7328
84557
13186
35924
84469
11731
69939
81370
90858
52148
93159
43916
21848
4567
53554
25086
89818
35067
96352
50177
79201
27487
28726
44157
42321
39756
66324
69959
93425
17959
20066
57781
78117
86995
75762
60729
24841
11629
70028
55305
56692
62062
35799
36082
36212
71607
72888
52076
92282
84322
53958
37084
77758
86577
66509
78883
71933
27888
3868
23421
89951
57942
3751
50560
25644
19463
99071
1290
40880
29390
54599
60552
23005
86019
79650
61019
4582
86419
60506
77653
20559
40224
49630
73227
31722
45256
64807
11970
67908
21067
55112
12745
35939
63204
5306
59426
62755
94662
40084
32948
83706
14140
23313
91318
4284
42086
71904
58457
75311
54187
73962
37879
81010
33256
13766
83757
67929
5501
71879
51898
78667
87992
37137
46320
40313
77964
32228
67125
52125
39813
51453
40683
58212
67409
5365
48467
26605
52570
13651
76284
39453
84461
56825
79608
67903
51023
98274
49259
51160
6469
35425
64727
65682
20824
81925
1504
88617
89105
36927
5441
74969
6144
84536
82555
53512
52059
36501
77214
31270
9060
28396
99756
22953
88780
80329
27822
60838
1920
81334
27504
32931
46321
21511
42485
5628
15067
66256
16739
20565
61941
89033
84917
90269
3353
21248
13723
54465
39893
85398
99036
52672
11428
75196
43624
50059
54080
7857
10237
71302
87582
29725
98874
16109
4965
85973
51242
42234
70289
65207
54019
28503
41941
93638
51175
12450
76836
67819
57669
87465
76561
49088
98862
38362
4066
33995
64906
9466
34405
54154
16624
74889
9082
65668
8344
67158
1260
76929
76974
83525
54165
34022
27516
89117
46268
48419
68301
92671
96661
39673
34405
98772
70485
58901
80101
83771
20217
32522
86898
82
2667
25648
92658
32144
53483
20338
76163
92606
82563
7878
73578
37592
28102
33640
52277
70846
79839
2197
32574
42254
72206
29382
10210
54715
57650
63807
2295
75624
38036
18926
55313
1082
66419
1111
80355
64796
19600
33954
8147
90043
85850
64260
42009
154
77940
81126
82446
88726
75021
62018
74659
91537
74681
80110
2360
34224
67794
15086
96505
38410
60354
49738
58552
85027
65637
18617
33273
83869
15720
34795
40585
58141
89367
1964
89790
38443
64533
7432
70140
43204
10398
75308
37729
45480
99787
36149
67587
28837
11979
44488
32523
16274
39762
11894
99264
81922
49903
5767
40624
83048
51379
21640
41664
15769
5870
57674
70377
35978
52881
54883
74701
99461
78227
70687
88241
36967
83694
26912
64148
8905
57249
20310
33173
89129
31471
16878
38602
39761
74705
64693
4917
42196
55092
38390
5077
18702
96021
17669
57833
6892
52756
75964
5870
94452
28245
22873
34897
26647
29590
9972
10608
4712
22371
83001
77472
79194
2881
49601
89135
49118
59343
43907
92838
52939
34756
82697
68320
62134
25495
77266
31663
69939
50814
46769
64054
68974
55578
30120
14549
92858
23295
53987
95036
77900
14658
16876
79359
52508
47443
36065
13425
92636
13926
74664
62078
45129
74246
68308
55712
91223
39772
67194
29856
71441
93538
96465
24990
71693
91348
13947
83853
17692
11352
5903
78084
72716
45721
10126
20370
66997
55740
98907
94567
10522
65727
94486
33654
45372
37425
14893
7619
75879
75203
19624
27553
62196
39097
5127
40491
75088
74791
33973
54860
5683
88935
7904
24034
39428
49728
5085
2058
40673
44904
37153
55097
72832
59252
26536
73942
88197
20896
6850
80339
9878
13019
65991
9864
74374
141
30770
168
48727
73005
43557
7512
61750
98600
44466
67174
64619
48891
93207
40157
36561
44804
65931
18524
71162
20955
76844
71675
6625
48924
35724
88593
66100
66098
88087
1899
75672
14488
46263
22696
36305
76062
58045
20969
90215
33271
2020
14790
82083
67609
44606
15766
9225
58131
18172
99580
89207
49419
94198
32374
57830
3586
75067
58689
19827
87694
54542
61511
13322
57493
5276
36057
71449
65231
30950
65792
27214
5641
48801
59003
34980
12131
4723
80990
64181
96423
62112
78475
86007
79476
99871
7284
11574
11996
12818
57285
9840
73345
48234
48392
77229
43791
28235
32995
39839
92363
60953
64664
10908
35097
60039
85242
13337
13939
23584
40762
30504
46190
72424
52333
29838
39912
51743
23626
13595
6028
46308
72638
63002
16737
64595
79536
91584
42377
54791
2431
63494
80992
43306
26488
88491
77123
77773
17597
34190
39190
54313
10846
53187
84306
73554
25589
99499
22121
23069
75800
16024
64632
31107
16515
68235
27429
65399
9661
49805
96966
2864
71671
27297
72375
27786
80158
86653
28571
33414
85071
44783
45673
25726
5355
81580
50108
48001
44481
78637
78325
79730
20919
20241
38933
66740
5412
85667
83596
9264
45670
9977
15616
23780
93383
17794
81966
29338
96382
41887
73556
3810
35686
14408
75338
63085
72053
33089
8054
36119
72881
41942
4774
56488
77693
88380
17446
70801
49244
41451
79039
53081
12365
37780
2275
11740
16900
73963
88312
44790
6831
60370
73318
37581
18408
9528
38194
34964
25843
55236
66251
6780
78065
8365
19472
24817
22506
9916
97965
95102
31028
12251
4230
23228
79565
23455
414
27564
91753
25152
27828
10890
15077
80870
55252
70981
27114
59342
41286
27000
82625
41379
51056
33454
87259
91611
22484
87032
31336
90904
32268
60262
5996
81293
83031
29498
65264
12909
20548
55720
74319
49179
50681
45716
48798
39978
33894
2392
67078
27738
3648
51881
61649
81172
42504
67479
73934
90074
701
32518
49653
3987
24091
17578
99637
44098
65538
91374
76117
14507
67715
40106
81238
99611
98615
67332
95280
78514
83688
73401
31192
56754
58236
91495
72112
45077
16497
36793
98906
7879
14361
4780
75410
93508
81640
22291
31663
94805
29058
75169
99470
13162
65399
47431
58400
98916
47934
61394
24010
3030
96416
36927
30605
46206
34139
48372
24131
49385
33940
19112
99468
72495
67597
16967
89513
9267
91168
7224
29999
78319
15262
83730
35522
17481
66833
88953
68066
51144
10837
55683
75021
8716
98386
26604
38106
92318
30282
30862
15577
70453
23486
11554
8801
58159
30534
76633
18001
83226
54036
92944
74573
81665
56511
30609
32232
12631
88289
70199
82657
89179
4377
24973
76319
74925
88239
6786
29237
58448
98625
71311
72391
25631
65903
14939
77717
94539
27929
67013
15018
57466
26318
98575
61062
92881
40342
50007
16827
14791
12515
92924
58020
14447
19109
6177
82395
85236
4390
77652
29389
46795
51625
73448
54930
19887
32312
47723
15196
58216
5635
50799
49590
86277
47778
22449
7169
51729
7687
69264
86124
74095
7927
27052
41007
26675
95282
50082
64229
23120
42354
23004
25610
4375
44254
14681
86655
72287
82441
87371
68371
40949
74363
99861
14839
44004
71594
15854
50226
42339
26862
43167
60790
64296
96776
8384
96798
14716
25935
94255
49090
70060
68714
28120
3943
33214
11897
46471
12066
99011
4326
2057
97025
80366
71040
29257
59229
38674
63814
26421
40039
90378
39805
55366
91125
24001
16648
33327
52732
30763
94558
78653
23263
42903
65247
52007
34128
46014
69530
37966
77142
85011
31603
42448
1370
31198
96880
48853
90284
97674
87427
33970
13068
4926
48968
65139
8913
54279
46439
47847
35177
46503
27819
6937
90236
25519
23944
11817
7900
62160
12397
85662
84199
42748
39281
16392
87285
72214
56171
20572
26209
11463
49966
1777
84931
1258
89441
17519
3695
22098
15815
7495
45577
30958
82270
82458
79647
23387
64236
78977
56447
59452
67174
6072
52623
67532
95529
14308
66549
84458
58027
48369
21841
48830
79130
92328
82748
45742
45554
40445
37431
47477
58112
61502
73995
52037
46300
19797
52727
60588
69667
57163
17119
68852
4463
54028
4026
23290
57559
84129
96416
76907
64796
21642
83146
64115
85937
35490
22212
19587
66169
90081
44041
75275
57656
95930
61144
73598
47767
85024
38621
58163
47686
2932
50123
20226
38705
16618
58477
99672
6634
96115
47126
98339
19589
52238
31070
76625
74811
20949
47828
84486
36910
17484
99759
70616
54243
16450
23805
32013
67524
6106
79405
46545
5338
81321
35720
92536
6157
98406
40960
84281
42671
4846
5325
70930
79187
16527
47875
47644
70375
49239
82818
94809
33588
75077
69278
49382
14536
13173
62029
88506
1044
94761
49226
43752
62605
19415
54464
48481
91416
19878
51772
88473
85182
41826
21243
90121
87251
1394
98630
19485
66807
56932
45444
86951
51528
20612
80734
66321
16769
82410
81106
97110
62790
36844
45470
27030
27248
75058
75148
10419
71015
43941
69993
5884
33358
64224
87758
76015
99086
84054
86292
167
75574
43852
35535
3035
83022
35249
4362
50590
87093
74038
76410
53192
39253
83311
22158
66661
83039
48510
52560
71195
76734
97958
78291
98656
79216
52347
84043
89159
20158
1424
57828
93381
37362
46568
7483
12686
90913
14275
89847
63807
88325
45749
36610
26308
80615
1658
7329
46384
55714
93371
22694
21329
98362
60599
54112
17381
71529
55211
78159
97938
17759
29897
63839
51139
36289
34731
91612
24084
40269
79731
2885
27375
94908
63476
77537
99947
42168
45404
55347
80009
7502
5717
46115
75831
57931
87521
75967
95602
23293
62561
55567
54646
60676
40857
14684
48973
16700
79388
47569
7003
62098
80596
97437
88698
90849
31721
83215
76659
19808
51377
1081
39013
94156
64808
78259
95071
21399
39072
18772
2096
54974
17505
7855
6975
58184
4483
54997
59513
36640
94716
28104
50991
63210
50084
56255
77304
56889
87359
1611
10828
9576
62520
78889
89983
65431
4965
15395
51860
69556
36224
63774
46412
47274
9454
15376
64767
84528
57570
84081
75508
15854
88082
63198
18073
50084
36724
43008
27089
35925
4435
8927
91952
16206
96186
51706
10179
94657
90792
67531
93713
22234
94599
64654
21135
58535
44468
96945
69726
32836
37400
8152
2804
17875
84419
90251
72575
58463
41507
42417
2229
18691
30895
41682
47811
29706
57139
92143
15042
19182
83330
66065
19550
97015
17828
26329
27593
68832
74295
60470
4920
65492
43545
48253
27221
19078
3796
62317
67451
33057
23896
83817
55535
63167
49789
64646
85063
7212
23051
92140
48759
6062
19997
82372
96043
98688
63178
78092
52468
66428
17821
93618
85405
40661
86284
86790
26221
73031
59480
25567
72445
76818
89754
62978
14599
9021
37016
20919
89291
29762
38288
43583
90673
93031
45581
75216
64449
65687
86762
91396
71329
66399
61794
34350
45767
29826
53298
85341
13065
46951
45224
28565
33072
53117
93278
89512
28807
46534
44158
6790
17588
92303
59708
59814
64028
59487
69253
76060
43561
49083
16222
55683
80403
16136
50162
65182
39118
67260
81224
92403
30840
80628
38783
18832
76937
7964
40376
47584
35148
66628
95788
27442
24475
92566
5940
65099
68549
69964
96162
29163
15969
50138
10790
73676
58394
38169
24697
80318
24690
83348
78558
65719
68645
87594
57163
65909
72031
36877
31938
59858
38944
63612
25626
70293
93701
47701
28070
87903
75116
58462
11880
45618
77373
63805
11121
32837
76925
6651
53231
44427
8825
43572
4146
40066
56264
28884
42462
66998
15204
87640
98499
8298
35301
74547
71543
42816
62090
52357
79062
11022
82051
49053
66716
65137
27264
16233
36682
54065
46216
51714
78222
34972
20858
25989
79934
60514
1080
68467
53235
16044
21950
9644
48973
79438
97914
69823
18591
40313
46420
36601
63120
46769
44915
2610
33181
53247
59238
75330
97188
17864
79014
85066
87049
85909
79706
44346
48442
70133
93723
58717
7658
74827
31672
58973
50
43521
3219
30054
28878
8251
48779
36941
3071
86902
21278
36770
81456
22688
9199
70682
40992
27479
26750
48930
85415
52925
16740
7180
16348
18129
33492
86411
99685
60029
77062
43053
68958
37167
15007
37765
40895
85017
51979
68799
49460
53952
41583
46027
20878
75317
90473
83577
90381
78165
37167
56244
83879
32422
65046
64945
41222
29651
47897
20885
84426
96609
62125
49246
19133
70769
40697
99926
27973
24598
64416
78954
42660
35524
37472
2029
77490
51034
40670
547
73120
4300
55982
69483
51335
70249
55866
75361
48347
74859
60807
92394
40519
44830
39401
75473
14984
40730
45227
71283
25784
71732
56640
77096
26497
81242
89696
21092
70905
63687
51597
22168
60116
88784
4241
40279
6473
72316
59211
37542
86758
10764
40883
66739
34059
1466
85425
50670
80006
70463
95181
66960
36468
39810
79913
67423
1810
55937
69288
82639
453
98232
85533
89701
39498
82440
39525
52658
11581
98587
17088
8644
90586
75091
9739
76071
63295
13668
41820
48858
31401
75753
91380
48105
50062
75339
50664
41656
83299
90633
72730
1585
20599
63209
68445
29056
36009
61945
86811
26147
63237
66481
19418
539
59150
40943
12184
3034
69111
36609
97812
72206
35237
16698
77424
43421
69935
4370
51037
51674
75681
68852
56870
46669
98155
7652
44026
58307
23635
33136
61489
22010
85304
90093
82262
39489
34986
31623
37178
24045
20408
66853
42686
46871
14817
9189
70825
56858
68618
56180
45947
74508
17400
28657
92093
98774
96874
9356
24892
48182
79882
47404
56487
53625
55738
47240
28089
84307
222
35562
81475
52555
34221
85837
55897
23788
11674
5320
86041
98185
29245
5770
8694
94118
71046
93454
93718
24905
92514
89739
70505
99190
4455
27693
94255
49253
21762
78511
57559
3797
17628
45261
63349
54818
58444
83804
98962
55977
89593
63600
43386
68660
93599
40481
39006
73139
27637
7421
90881
85450
29518
30767
49499
92958
73418
12525
50993
62692
41481
13505
86533
19197
78501
71875
12348
75352
90887
17752
10643
47214
6323
8641
28423
7610
93900
16078
4579
38221
25381
60230
36355
87411
23304
38583
75110
8912
36073
72458
51633
86688
15599
47496
852
86238
33448
81485
15140
26653
67711
39244
92335
52169
3048
67819
47150
94847
46337
90672
12118
6372
74973
93767
6245
19291
46839
86143
46418
747
43317
21293
37167
62361
26292
65148
67235
29043
56754
59043
51585
64597
47259
91316
96013
30397
81091
93818
29675
34212
18270
68870
34435
86845
83260
23043
77758
48748
56247
79866
17011
44567
89960
27675
1280
71804
73164
6964
78573
84394
42665
48388
13326
50805
74279
59055
9402
68906
1122
9271
29494
48904
87703
17625
66649
17693
64845
21981
12228
82317
8249
24296
17574
41685
3331
92383
93239
68506
23619
74427
29510
79150
22473
90598
2256
6030
1677
58731
91130
41295
49518
95796
56814
5405
29902
25713
10691
14922
50265
26071
37597
39634
92598
94692
5649
77233
63533
37433
72650
79445
36809
17631
70042
25676
1258
19959
24046
10022
87058
47609
28770
65211
2882
78402
34812
78301
59049
12922
25585
36955
63304
57164
20098
64388
59430
67870
62560
95708
82798
64715
45829
84648
36665
64190
23546
76406
85189
61602
9320
50792
98910
5555
35929
34662
98837
42014
60937
50905
75463
10340
36304
95248
5246
30223
56346
39347
6227
71939
45545
54904
28700
52816
76803
57567
56553
34169
21609
18595
29044
38516
6475
15976
52033
47744
92600
69718
98232
16161
83826
67591
42378
68819
7243
29030
4605
41774
54769
81312
28365
10463
9833
10265
38861
36199
93373
60342
35604
11247
10344
98063
28688
40205
86019
67443
39757
48431
2988
42852
51255
31766
9678
37719
68653
99681
54119
62279
73820
92359
39044
57896
6534
65065
76416
48794
43244
74447
31874
22117
56254
98514
58496
59318
29402
4534
41394
48015
2775
88602
12932
72785
52579
68187
71956
35973
23839
96651
43997
36261
52040
27221
84322
47135
91296
35256
33804
87020
25301
86821
52727
52757
6617
46427
43679
65831
31925
82609
54120
41736
76905
39332
40590
59596
21492
92116
3775
56095
13415
64574
53537
6898
22245
90484
75342
23995
49957
98494
30258
34191
60240
4779
84363
64015
86220
48691
13443
99680
85285
89228
390
1071
20405
7345
46284
13472
73009
6560
43201
20762
42910
90964
8959
42840
3184
6657
95274
61217
57259
99363
96082
32673
63138
909
12319
94237
46137
27404
43675
57228
18145
90421
23358
91529
54298
7546
67525
40248
19462
86240
90499
41422
22169
44249
38392
31759
94491
28982
7503
46677
95074
33382
2839
37672
58010
21925
88205
7172
13332
88199
23069
32767
20265
60035
70693
3231
91691
32785
34442
14084
26943
3406
46018
7682
54019
85400
99744
71374
70710
79401
74149
36631
78152
44547
52693
84784
74214
79168
89240
20176
67831
48355
24517
46921
47634
51234
95382
39957
33857
16212
97743
92797
46774
27691
31932
53898
7501
84884
28163
62460
98511
41092
61794
55589
73377
26843
7135
53005
78175
76161
88985
12360
11269
57460
9675
59244
25525
22871
36863
56577
60921
3978
19595
64499
94612
19125
75168
1415
75380
67821
83323
96941
4201
42653
29370
671
33482
91319
93216
55117
70652
97158
81674
77299
45463
18217
62515
14710
39959
10851
45768
82079
54183
67544
87242
69619
15656
43620
3583
10997
93242
80241
75988
45428
34000
70205
63171
54301
89963
31073
40330
85358
32266
64657
64341
77140
43742
6394
48315
46325
8139
77597
8858
34249
54410
90003
77402
59321
71952
57076
85392
48501
17054
95542
9870
61996
68791
76607
45928
8515
60033
40624
41826
75069
85054
67643
31435
87754
70187
11507
50007
69163
98251
36832
76453
22442
64506
85448
60160
67661
1670
32316
99622
53879
17037
74952
15873
86607
54344
86421
2624
90387
88710
48334
4579
88752
78688
94255
60134
93164
79359
73984
57652
45225
34384
16572
92240
74133
2595
24044
23505
94212
54985
97420
38450
23079
70329
12082
92377
74313
72344
97812
57144
94060
14254
75074
57686
32265
51392
9231
90597
50039
18689
74926
34441
49191
21120
39176
9064
17321
39278
76959
42995
10952
23601
82144
90458
66911
42781
78383
8562
97293
97987
38966
6023
12940
16994
70716
6161
61967
49874
58502
35264
35440
10378
90748
95752
41870
66158
24567
54375
28139
88470
46492
5720
77234
93233
43938
43706
50536
17626
76408
81132
49507
16191
58179
36800
92307
80699
75865
41355
18184
84984
20212
45926
9591
26823
28984
81993
94135
63097
38628
68745
28656
7421
85853
20919
20435
41096
46649
96867
26917
49649
96800
20775
27692
17962
29792
46036
73446
11071
96145
56082
64280
36191
64325
77163
51244
69425
52913
23164
33060
2163
48884
52406
15031
5749
11777
44043
60059
44398
23859
59392
53918
40152
84147
12266
84386
77388
27015
42247
77543
4217
46665
76375
29750
36950
87372
65092
85478
63768
53871
30344
35570
34750
96135
34874
19968
26647
4091
6547
75390
85963
14946
41559
92879
62308
28481
65958
84174
45315
72866
63989
13984
34503
63313
23499
95980
16653
13899
23482
69352
47952
48519
6043
83294
9223
89661
30714
80780
83718
31145
57312
4695
97606
33372
51470
12663
87026
41810
32109
88303
12068
53612
45679
48932
17908
270
32105
74046
57109
34200
93327
53673
18052
22806
86654
6881
49951
99582
40851
62969
23653
61406
61449
57971
79748
63742
79188
32569
64559
45941
69791
75929
38056
28579
54878
881
21059
96964
67172
6452
52697
44446
61390
71677
97938
50185
36717
17859
56205
60997
90697
56656
81989
88659
84695
24267
26235
91519
70967
59540
81555
11686
73013
6302
61433
23902
54635
14977
73163
57437
46337
61440
67265
34694
93820
96761
26353
99500
19704
68247
1042
24379
62534
72855
28768
33385
56151
45871
801
33464
13533
2293
41384
40248
6878
53561
84774
19838
47522
33073
18401
28326
82435
57240
68608
42729
86224
66037
97901
73171
54717
62253
35160
68441
4468
73938
98382
86535
4384
82583
67980
92278
92551
59242
69279
6305
28638
97377
5187
40959
92006
5746
88965
18042
23353
70076
45309
95902
69683
2117
11521
28181
55158
23026
12594
95242
94335
75921
84530
1767
16960
77484
36895
5165
28122
4048
76836
87444
81603
65710
63429
25824
11762
97245
5541
45424
23092
4341
91718
20697
20154
35297
48257
45240
87165
11855
99884
31900
10541
90147
47788
81551
36511
45428
55044
82414
14016
42983
13686
81068
75992
39098
95653
65015
88811
81828
18762
24925
79094
20538
39536
54992
22912
27169
81755
15083
46005
67944
82031
72419
60145
29808
69905
62821
81212
51810
81024
82745
97356
68564
86192
37688
1483
37622
85792
88558
53605
38004
64888
75551
57668
33503
84358
26138
3470
87645
52714
88752
88831
24255
14879
9310
5451
84831
20717
35473
31024
81622
65723
82671
27645
16397
73398
71800
3633
77225
25300
11380
38896
80124
94550
83655
60725
36034
88349
98719
48732
93947
12792
67807
44609
73336
43681
6648
37672
9555
10947
37582
74551
3226
21429
36622
36396
43629
283
81464
57834
15412
26873
53107
28496
77249
72937
26960
63458
21285
71081
53517
24768
72656
40056
24959
67612
11532
66028
47646
15532
67012
17554
28794
81142
18873
97578
61346
58309
64743
59314
15209
1785
75185
32084
84989
69730
34363
36537
41872
91965
48474
13675
88513
55773
74184
53938
91211
57853
87999
54649
66944
3542
54748
15201
28886
83476
93259
55371
33020
56184
95410
72647
91257
98610
48959
68637
48683
21174
17563
92877
15622
11808
91803
49757
9002
4561
45125
95485
66782
49428
48457
90020
49722
40020
34828
25468
54461
92563
82916
60232
10516
6653
81078
63206
57599
83765
56744
84232
47357
97863
30142
61915
36414
20989
59224
33849
97529
54186
46152
82622
74684
50614
22317
39292
40072
99159
28140
22028
2735
41505
19513
11665
70516
89009
28239
78677
11480
14192
97759
35466
41259
3047
12674
18539
74413
70214
94225
54303
98276
26294
95418
8173
28142
53802
98671
17412
9373
34673
62557
64882
85288
30315
50106
39083
33335
72329
49880
9015
30478
5105
7509
70285
36973
97096
79464
14599
68
37167
79113
81929
76456
56931
69873
19703
32714
1847
50178
2352
34406
28467
84585
24691
63968
71748
87100
75461
64149
71193
90999
36953
80819
7558
57875
94923
57895
35805
73039
56459
61953
39038
70443
23323
21732
54317
37672
65654
84714
82084
61676
38970
50152
9159
6171
18051
50217
57808
78914
94392
89033
94070
75281
66556
50353
31378
86531
59108
35222
64048
70200
71756
21788
77712
96907
502
25911
17324
17940
73081
78132
84499
39288
63128
49177
59127
34985
56530
7039
89945
89043
83197
48403
30266
70088
38766
66669
45694
29952
74925
55667
31620
80439
21736
53743
16049
79595
2528
52713
43340
94906
18396
12244
58669
15552
49091
80572
51321
45441
89859
59497
29186
35734
12629
25843
27877
38747
99244
91803
27502
57479
31883
22212
20189
24151
58190
48817
13771
29217
65882
26512
15341
81525
33259
57338
87371
51091
43337
63819
15004
34194
84741
23700
43028
63066
99985
23603
52204
38566
51838
17764
18626
61717
50646
35058
14928
14928
29883
95217
49738
92845
62373
54556
96191
69250
41902
45606
12268
77783
87115
86661
93565
56760
32463
44491
13749
16843
61782
47944
50870
77817
68524
18876
2891
42290
26162
24329
87725
86073
5048
24842
30722
61367
63396
6932
69381
63008
84670
26443
21458
5867
39978
61233
64799
43472
22466
80715
1804
1271
51292
52460
61435
83821
27302
58362
31877
95381
69095
62753
29120
50499
80739
25219
12701
71840
89021
18368
8594
57379
78376
39236
51798
20279
76980
86940
68488
61995
47709
81832
55898
28877
36739
9926
5833
58279
33918
38050
59640
97912
63652
75754
82631
40532
13337
17228
71902
24533
67384
91326
17600
78922
65303
57892
87627
68432
9360
42707
67557
69013
75398
32747
67690
53442
68514
39505
46158
42572
22306
96781
22409
44390
8215
8036
93498
17059
31180
27557
69362
8557
26116
70306
42012
54911
90765
93975
32588
53093
78751
42477
76885
7609
68802
17162
29496
89032
94809
29570
21102
61594
82831
11253
47424
89398
69171
74885
75958
51361
94135
73508
73019
37867
5091
46832
96897
78947
39158
87757
31298
85869
95925
81129
55727
24586
43589
17039
54017
14471
15245
41719
45544
29546
41473
62028
52085
96785
86514
73913
62346
22373
35324
14426
68172
39819
86997
32058
11078
93178
66214
89082
16184
43623
89575
82907
44959
85561
84747
27998
69077
70739
24727
55270
22144
66450
51928
87220
86801
93537
96328
2014
11450
93825
34256
52889
61297
18080
33249
64829
11183
35179
44340
24579
59395
22695
56351
36236
65386
34490
63164
9397
28892
91212
24787
65276
8087
92945
15902
71964
12509
95837
82279
5910
11939
29541
52631
44210
65601
64107
12268
31200
43990
38802
51419
51285
59054
41775
15603
542
752
63755
93209
4584
86689
63987
69542
53440
33358
76032
74425
99818
86855
61689
93202
25426
19387
1270
4531
16416
15019
29894
63792
88894
55698
4750
31143
207
57382
99176
46191
61183
27877
42665
49743
14123
62937
12693
39344
80816
5770
41814
12634
14513
11309
69980
68111
48676
85711
43972
72135
64998
38120
54245
91257
66265
99408
93200
39509
51900
83663
95205
56189
51156
78540
59594
14208
95997
76537
60282
50286
70981
24295
36311
21973
87368
38033
54010
1566
61311
68089
15947
76957
29478
2756
99917
82018
80351
1907
13141
70987
17440
52548
40715
52450
50004
21992
80004
59529
95548
71018
9960
50152
15909
87490
17432
26717
52272
91783
76282
46866
14248
81132
49217
94440
25827
45571
83747
64617
2094
73512
58540
19860
31754
30447
15983
39835
15950
46610
59018
10778
98211
6429
92931
26333
82240
91942
42914
18540
53263
84619
80405
5879
31429
60630
43926
88309
25517
13081
67909
51938
50706
2437
98646
40240
22118
88672
74431
47551
35256
49136
26863
32184
53362
25219
44063
25478
82648
95119
74248
4542
85169
53281
75329
31329
72010
14165
43335
56646
92002
86520
2346
62370
4325
82687
27609
79709
53
86934
81987
96901
25964
53581
58019
91106
50660
10681
4848
79448
81003
40585
65066
54857
63609
29639
14888
90586
29831
65430
65566
71392
68897
16064
91382
64240
16018
54366
19157
54656
6559
99205
46697
85065
64895
95925
84503
73354
69777
54247
19880
45973
87711
38534
97913
91570
7832
76875
56659
50591
90587
69118
83346
25890
36810
55845
34121
47038
62072
35754
48851
13047
18415
34730
1122
71628
67962
75135
97903
21908
59384
42629
36882
25248
75187
62190
56989
26506
76448
37936
91759
77426
148
45349
42450
98288
47396
50416
78
92692
95986
67807
20423
6338
43608
22982
45961
4299
56800
60500
40673
95797
12204
14750
14968
41860
74272
93176
15133
73624
72298
52636
71390
47312
91492
68484
90438
13056
28599
89289
29169
73574
58320
23982
18743
45135
7162
25627
46903
9870
91652
87802
81920
32187
44383
30655
64578
48102
9494
4093
86250
12851
79821
59322
35330
48249
17673
97745
96240
17110
34010
97531
27991
70739
71085
98572
28933
56050
80767
93636
42734
83848
45238
96221
72978
31565
23172
60663
40618
87449
71331
57127
98444
64885
18593
71493
15243
67532
30281
55556
50432
48401
83612
15330
61521
23798
46069
58122
48211
32770
9216
59647
91912
83240
25781
99879
48525
16162
34262
26432
12566
65085
4800
10462
61930
59008
69408
70343
88284
37675
15410
26454
31597
48403
92876
58682
26633
70366
26076
89282
84613
39801
18343
51336
88949
53597
28418
63539
63895
82221
68080
42081
43978
23027
68946
15419
61146
79300
23381
56838
20071
92871
53487
83963
30919
51202
31623
66528
63539
309
39480
11566
5989
54542
13847
82562
64377
63174
6179
89884
43893
15873
97087
4839
36705
33637
61065
79449
82034
91315
27662
71272
34203
61769
2668
41053
47972
5448
60314
51144
79956
33163
87618
96312
2323
69597
42995
83307
45707
37041
45509
20756
72969
83364
69341
27494
82040
26660
81803
18705
51869
55306
4415
75313
85081
98908
64000
88735
46855
9063
80452
69348
29370
33197
90315
54380
37088
95346
73861
16185
28965
81541
77010
25391
16813
2313
78849
69123
3459
52047
27561
92521
90224
55232
46016
84764
77931
87860
13357
69763
52777
5597
44633
50712
53757
99096
98782
69566
91568
51073
75660
78499
22194
76953
90308
64471
14236
44741
23833
15208
80564
26980
46608
3295
73137
29771
77408
25837
34198
70996
9411
43087
83665
27621
55499
21209
75525
40806
50190
32183
77269
89539
35572
7602
16144
20089
79256
39916
64168
49434
16499
24370
30039
41543
27592
67014
45419
82663
77249
18855
85902
20261
30481
83555
42406
42990
88915
88520
6034
17375
43161
61488
70450
99311
8616
57409
30328
61098
43801
9183
91327
15837
50939
67792
56908
13562
43053
59089
92605
10236
43135
65156
11007
36414
22122
48855
30097
49551
38833
91851
67235
52767
83548
78645
33055
885
57639
11635
57988
41987
49926
41738
97961
66531
71207
56521
11307
30434
70091
40741
18908
34821
59759
25030
23235
96558
22546
90639
16201
51453
44888
44052
73837
91534
30234
27259
46256
50194
13388
97254
11388
12145
96747
99126
9947
78536
45936
12732
70892
34036
56090
24509
16216
13722
22107
84558
81450
9470
50358
846
69277
21078
70344
53156
36376
42985
79904
82831
36717
90848
79677
39199
97759
12571
27024
12510
26346
25393
5546
29755
12385
69791
11872
97016
77389
67713
48719
77875
19013
50167
62948
86609
40606
28774
40628
52234
88361
13924
26738
67031
59534
42868
77819
46239
23328
65495
3436
93066
81698
94188
28200
4252
84935
70130
65988
7303
92235
83547
51110
5743
23274
36048
15682
33146
55865
96497
35635
63386
42253
88341
90007
17449
45455
39463
86843
47966
48958
55907
89538
4548
106
43001
75100
5322
66247
8035
69048
13060
33565
97842
21898
56055
54293
62778
59516
53559
9463
63962
39245
3541
30666
68544
63196
97728
28082
12441
67324
55447
46090
70563
58157
7071
20351
20316
40794
31296
86912
78746
51090
96635
89983
81912
62747
36141
29965
66955
44383
87419
22239
30721
97607
40350
16782
11740
78090
52081
21121
17512
40484
82131
52360
59474
56326
83454
61341
65629
19229
65665
50300
32379
58240
95576
64281
67907
69283
65493
70553
25692
70024
71242
10683
97766
51596
15665
1194
92687
4381
36000
3848
34807
20173
25227
89027
64056
11641
73859
10826
24119
3436
73542
15206
32433
67984
41766
49276
69272
2486
61845
21975
42724
61304
19108
18804
58334
70395
94800
4517
40780
59036
46790
83850
59594
64106
97957
99074
98949
20321
73974
86840
24648
47044
42803
54786
97167
76433
61268
24857
29095
81407
19055
10611
73930
67284
60155
75634
59286
79138
8515
92488
30623
77056
36397
47679
80956
71290
12344
37903
40527
21730
69676
49401
22672
93218
7525
61000
6187
39451
49816
9617
87281
59155
34575
69981
23192
73894
77894
18180
10581
81837
58297
86607
73916
28862
12613
66027
23661
73071
41285
71678
59409
46974
47005
3846
41560
76269
97458
15098
40528
1818
99946
98369
94856
4344
46330
99975
29545
14584
61180
68600
83760
97622
20257
22625
65344
23940
95583
99753
18275
374
463
51176
98520
93235
53554
77039
86560
54119
88318
18737
72268
38733
21851
28601
70910
26980
80444
31315
59862
10107
70569
4601
67816
22874
63444
86491
17445
53863
51793
76824
22352
84987
25856
5307
20645
59554
20786
51493
55759
38150
62832
47978
22327
24851
8367
9470
5307
21212
51494
71212
70808
78983
17981
72214
34923
94199
98995
2219
25633
42403
65226
11369
9391
20305
67925
9594
99017
48696
24607
32395
88851
45329
64079
49258
33672
73465
55180
75287
97764
74393
11873
18372
26566
31076
52981
96728
34578
57019
11207
39038
89939
85072
52868
83091
27681
46241
65832
27190
37304
42997
42644
45433
94298
39138
94773
82959
54101
84225
84451
78995
63791
11201
60358
68285
64664
54400
3114
69661
84019
31962
64473
52810
2344
38343
58636
1665
96418
59714
15733
29945
26636
4265
9083
82934
64425
70850
18738
24645
43627
85284
44792
27241
65257
63105
97401
62639
35104
7484
62224
4668
69249
75813
92828
74517
64030
99455
71271
28538
61359
49426
3203
39525
90806
80436
57934
70880
48051
21581
80660
74098
1659
45698
57608
8143
1419
86933
25066
92944
97147
86222
43996
5288
90515
59293
24111
71660
32208
47444
74358
73834
66681
76262
6394
52349
32020
51723
78953
43540
78633
99032
29174
42492
41296
78981
27092
55423
12580
48687
92609
61963
62226
60815
47304
94837
39866
37826
40471
55599
88966
95679
66638
71407
10143
13894
89349
53001
4474
8716
84889
67813
89576
2460
72883
95820
60802
33878
27239
21089
94447
91244
33121
3051
15547
30099
18922
84211
30901
67632
17840
73417
25570
7973
63184
54928
27599
16670
35210
21673
89441
50318
40689
78461
55799
51425
60006
47279
85055
35170
81435
37431
33499
70996
19044
78791
5115
15778
75227
49498
58223
12911
12683
11791
70130
96866
53136
4159
3038
41004
77091
10131
62301
51829
11104
5041
52007
68034
75810
14055
9000
44747
84827
65611
76026
42363
80822
31823
56347
79875
4798
92628
87101
16066
91896
77625
71593
87894
73521
80110
61957
54407
96423
76815
36241
20450
57334
94952
47867
7748
36252
23608
33848
19627
53498
8791
98482
6699
70026
34334
8510
73050
95744
93710
62065
93184
14112
2289
56983
51507
96350
49245
36390
7709
505
89510
68076
8721
93376
31015
85208
64092
29214
90729
77558
96845
54081
3684
57455
69517
51562
34996
46220
81012
11098
85326
3595
12505
63713
52520
51153
68654
56628
14755
56167
82869
14730
1355
60375
32214
25710
44084
28688
66204
10335
77251
88960
31210
62358
71286
4812
8054
25263
96289
58491
88105
52697
74019
16147
94564
88533
21793
45498
76533
13075
62334
18115
30342
38906
87269
39643
4224
7312
11606
32187
60455
79259
6530
55018
88048
59436
37699
80937
55312
79784
58793
82374
73450
71328
46885
3511
36766
97925
21103
93950
68891
38287
64817
30514
9696
41647
87104
43770
294
59136
94499
22806
84367
2246
89638
45960
3793
60337
25916
53188
88586
93945
66913
19577
41564
91961
49502
49153
29438
46818
51753
83255
83677
41699
34391
12914
70677
4117
57733
36374
49782
18955
27814
98559
60431
43417
13076
44613
79374
73886
90938
1544
5255
85353
73741
57820
77403
88200
22826
35618
1147
62230
34158
30124
14896
36542
24030
53139
83306
88764
49643
6784
46294
19861
15366
7517
1632
61689
85651
3186
55368
15721
11528
10554
597
37273
11444
1490
59484
97358
70854
97807
70384
42772
59374
37631
32922
1178
83354
69718
74095
7582
87526
56302
68741
75933
12961
39462
15486
19355
22339
53024
76195
91031
35223
22050
85454
57194
17752
79670
5808
38583
43336
58202
92707
40225
79020
64832
75111
17953
50969
13946
79692
42905
3765
49172
46457
67080
90155
95969
71621
30449
62840
58792
658
71354
65122
66574
48884
69592
72981
33646
79851
53222
8769
40891
43488
19444
14058
50187
14657
21943
28108
61644
98344
80996
50452
88257
33979
70289
19182
13844
49811
8357
52775
62222
37916
33598
63342
91286
96241
90858
20284
91765
49982
30279
52966
99631
16475
24593
78902
55482
50889
73220
30103
70885
94641
22402
72385
33509
40477
85186
5435
3713
84484
71806
43459
2533
90348
62954
75713
83030
76553
61809
40651
40082
61847
54569
73355
35487
9680
52911
91818
21524
45276
38210
41244
94142
61477
95307
81145
63451
61444
76504
91589
2996
74102
11235
42100
43531
15904
1038
96702
94905
14011
99804
74409
8660
78726
55685
67846
50746
70999
59496
13196
62275
76080
70062
86539
43462
83913
25464
59766
96141
15481
20755
28072
1534
30124
65846
95970
26628
64238
90407
93146
76426
20147
86904
77869
81709
26571
4575
19714
36258
35967
60916
27840
2974
13307
24183
71675
46949
53610
98154
55662
46629
39260
17625
81573
84133
30699
18333
78392
9912
68641
21497
69713
78738
46769
24204
74046
48802
90594
20345
20261
94287
37464
11147
19884
12133
3092
95829
38698
1177
32152
64249
43046
24683
80634
46656
43386
51499
67584
52365
80830
47092
14239
42794
54291
87310
80041
61158
91018
85883
59405
73044
37807
30776
95534
25856
69272
45250
66097
9514
27900
90636
48520
63222
645
39689
34514
5653
26658
96296
15781
67692
94658
26437
53800
10314
76025
9540
76804
27251
61900
66436
96652
12027
74811
83113
69893
53005
53209
42317
30341
10291
86136
28049
12276
23617
8348
39413
36686
66671
21115
86578
62358
12623
29251
25287
47303
22401
75619
40139
58961
17187
89037
86711
83765
11697
491
40571
26451
73681
97747
19979
54236
72916
59130
87282
81935
27034
65896
25898
80503
11350
94881
93238
57572
37779
54362
28388
98951
9792
97169
79072
84211
58482
77623
27710
45692
31753
6367
53114
55498
18334
44220
2634
87320
77951
41605
50181
98682
31092
96423
79708
5139
61857
40775
53779
12743
41049
31876
36758
91689
86261
47419
56145
69018
43568
4516
9920
55276
83904
20929
80537
37811
97063
46197
20691
70123
30743
6092
38983
39274
17113
89044
32036
6699
53900
92090
12829
41702
28749
80405
39717
22160
24651
90135
54201
19178
65461
36602
45099
33676
18296
98613
73566
64815
83308
44656
86554
73802
69285
35920
40299
81749
48744
83037
51260
33153
93061
89519
46623
6137
68074
262
50686
36489
51012
1224
29941
70558
37395
37876
15157
580
89615
54893
47447
7998
11154
77973
74468
98561
4105
8322
31121
55791
62642
41086
20054
36721
59965
50042
13882
32164
47124
59961
30386
42630
28040
21008
61274
10374
54672
54023
59931
95535
47269
31089
28109
35982
70775
32395
47689
67268
87902
43480
66041
27306
6529
78320
95855
41909
99549
88647
94727
43328
63052
3576
95326
50655
63294
60493
58099
70348
99048
22704
47951
38740
57027
14039
4806
25327
78686
4632
76372
83069
28991
71673
77186
25220
98476
9647
18324
27866
18488
35431
83607
46996
40516
41812
55513
63160
72185
66299
21070
19215
75332
74288
76762
83020
69571
82269
96434
12522
9830
40258
9390
73813
29790
97151
69403
36979
31175
60360
53740
27248
86482
94995
96262
62201
77296
89154
97489
24784
56705
44639
14818
88491
67118
4226
48769
38433
5160
17813
22258
87100
29494
4168
28252
9076
62070
64316
75432
33255
61472
10533
66546
78002
62796
17192
80160
8163
6465
57630
38985
20631
95369
79046
87194
77925
77795
77837
85702
78375
49922
13237
47137
26100
52607
41945
65978
17295
52989
40827
15945
55257
33191
15367
20190
67240
91712
36906
30182
87550
19791
10838
34272
92308
9812
14298
55080
30227
68005
25896
77361
6845
90812
14719
97126
56101
729
48578
23517
90658
75340
69199
41842
62836
45578
67406
53987
60610
34345
27938
38696
29841
47103
38444
67618
68304
37931
82609
32990
2793
94886
98738
40254
51111
62518
82501
30157
36430
80093
19145
94988
42374
97248
82743
30188
10028
5541
86183
85878
47008
95299
6010
45430
25186
60045
34574
82403
11237
33813
15354
84999
74547
40594
98666
41209
19112
54694
69221
88612
6284
50873
70723
95523
21788
13523
64874
31809
28092
19565
62147
79173
78689
27452
15237
45641
83557
97243
4909
12656
42474
61221
9779
38553
71604
26220
19362
4524
73178
71654
15785
26514
32351
49521
91391
20991
61290
92115
97392
23609
13735
71001
26684
68356
3685
9555
99252
51003
28234
75110
81398
92088
87843
8723
46337
84599
95897
1551
36399
19775
34854
75967
28522
4028
26370
39918
448
55600
63988
9150
34539
70713
1042
3267
37729
68549
9872
75343
14453
65586
93471
52552
70045
95646
37202
16308
77130
98896
127
59606
6727
25224
6183
32712
81992
18983
43365
81744
4775
45481
17880
21568
64191
54668
11755
51325
56344
31840
97582
7233
30608
58511
70217
63937
47640
17000
95158
86234
98149
63683
74315
5579
62895
8597
25406
87387
46905
60263
41164
5911
52014
3240
91977
4256
43597
21550
98549
59381
58777
9363
22624
80789
431
20401
47724
22436
98238
18807
72719
87437
63754
91695
36501
36940
40229
5267
8354
89646
7590
35521
43193
42612
72182
17548
58236
204
89531
45639
9162
16394
6609
23864
40399
29148
78683
50093
41025
31016
97344
28376
74978
74818
1386
47249
10827
90861
24609
12170
28125
97080
78349
9677
73426
43472
62108
33454
11029
12041
12060
57082
14303
69433
92678
5043
47172
51793
69223
84330
79702
48067
74667
52936
99232
1767
78651
72763
13070
62403
99347
94109
39517
93431
47786
25617
84204
22029
12866
67975
47469
4153
48776
44535
76289
10693
39522
10440
86206
13645
97749
46280
30835
98670
65413
23426
94509
80923
12006
28054
97718
69454
44609
53662
36796
77664
28370
57194
8616
91594
89098
5383
28824
886
56358
36140
85735
17798
82290
15507
57240
28046
80691
57679
98123
96837
5378
74638
244
30843
5930
9371
89429
23643
15457
68544
45873
21185
2908
75181
51412
69431
20498
8385
44101
31801
67980
31652
4549
70318
59655
90024
68689
44310
78201
37137
17754
22438
79922
63702
89474
37921
54690
78072
12427
56484
51865
47835
43407
91780
69702
36406
57207
5659
19086
46976
36377
48983
7820
25317
94125
91671
45802
43219
4925
25716
58721
19034
25149
72296
80494
5736
26022
42466
88382
1689
94499
10138
96680
38406
39990
84081
72962
79893
52963
34691
68574
63544
40141
10237
74216
34128
45802
82844
96177
89249
73369
93689
65739
45939
60241
45280
64079
9640
66773
251
47750
33409
66926
91249
61112
18480
50300
23307
17466
11929
24935
75063
74275
1964
97161
73094
66186
59082
80904
35159
41070
72442
70380
31837
94867
5206
82585
54232
17274
7423
18623
65637
21431
81649
31525
22211
42028
35171
25655
72936
33846
86909
61662
64109
24391
57402
42849
64319
65000
27813
71945
41357
75526
54033
50906
85161
82303
78095
98313
53897
75900
11467
73710
4498
73274
57818
44076
39963
13529
474
97166
54475
99523
93535
43937
18338
98817
26901
35788
8780
49215
33688
7554
91445
40726
38534
92469
50557
20675
12688
84419
47443
10822
48632
66734
78828
91183
9367
29138
57918
32881
83808
51849
4280
69263
50494
10426
69698
70324
25986
98586
93699
16981
43853
96366
94807
48305
54130
68848
58942
60608
45634
79114
45991
82997
67647
59953
82820
93475
99372
70517
78371
63424
93377
3130
8006
57385
97396
38340
18970
46538
95282
29712
40310
10505
43526
48343
43230
12300
11140
67666
14619
21823
16723
31745
73119
18692
10406
57861
80642
55730
22113
22839
25772
21416
95749
86108
11178
54661
94614
8070
30984
3609
42257
66775
65816
75285
37291
48426
43952
9423
1392
37264
62852
98874
36148
54750
70317
66403
88648
71579
35733
91038
71228
49172
30820
80279
38378
37862
99278
90139
87813
85014
84753
12396
48736
35351
25728
14354
57807
71619
67655
2011
65088
37196
50104
57402
6551
54237
38970
42137
88534
78316
65205
70457
40059
45971
63591
60339
35225
95709
27819
73971
87161
20866
41336
36621
62667
50260
47720
97931
26669
89111
27326
30028
40228
93355
27750
38294
31607
64982
97583
83442
42140
20878
15006
63988
71300
18358
8707
60619
86138
87389
90685
34072
74106
61972
17590
69024
54244
3446
64893
23470
34573
91942
58374
63413
34063
4609
65819
33681
54033
46259
49728
83516
41117
56727
37032
32715
38310
7445
97913
94917
55299
82722
98126
65740
19671
69581
19323
48278
69742
73691
95167
65477
2485
24172
23670
83722
63498
36143
18253
44670
80871
41848
56139
74081
11359
93894
4136
63771
60560
36354
31061
98326
34421
67622
30385
24551
12542
95595
83713
84545
3496
51818
72054
85965
97628
75460
31330
81903
65263
72458
20914
72736
64592
10854
71570
1165
86778
1597
14937
24818
15867
80581
90243
68715
81979
15577
39336
92541
3070
24747
43282
30206
82288
10239
49262
29378
63625
41067
46081
23660
86376
524
85303
93074
37913
24687
34022
55149
69307
36158
55553
97855
43163
52087
77883
67801
73167
85430
52862
59472
64809
6872
71844
14497
67588
61977
25370
772
14762
24920
47228
29380
92978
84420
59282
72088
96836
96113
63196
29036
29480
74289
92750
2573
93114
90285
47091
96593
56849
82274
82527
88270
11964
95169
45853
24357
92152
53696
94842
39851
4742
4409
41037
38282
82711
94974
98678
44612
26433
59893
93893
85708
67482
4952
88082
99211
6014
59493
86860
13348
60382
17803
74607
83285
57528
56667
17159
19412
65278
80903
94545
45084
71701
64829
43468
43166
81131
29261
10757
97322
38410
5402
615
79004
20784
76259
69919
11407
13745
24692
61593
71037
27352
99799
7574
40757
35240
94597
2215
2254
59254
44752
42854
78570
21926
59812
99759
13500
72169
24187
47995
35259
80451
34150
82643
41194
32992
63406
28828
64885
84522
4689
47777
61846
45892
63049
94286
19919
73489
51224
40272
3285
43777
64507
52623
42900
90651
2467
68970
18469
60976
74694
10304
18874
31273
74177
39400
2715
26458
35077
10537
17612
1285
65706
34247
54424
71780
41117
84635
57361
3411
77809
37501
7390
49483
21006
33001
88636
60832
90126
38357
37331
68473
69288
33879
646
41685
72696
32126
50519
12008
49446
19692
74914
79609
41295
81526
93016
49436
44740
48224
33415
37894
68206
97558
95088
9381
45640
63403
88894
40479
122
2447
91247
40767
38809
79626
1257
65838
91570
55533
54478
86768
91380
25059
93710
24667
95208
88730
41171
9700
95343
14214
14702
87005
97090
27380
10981
55423
52635
14664
80186
46085
25533
349
15121
82490
37858
41424
90793
7450
53898
52783
52563
56918
78646
30934
35639
30169
94352
86028
73374
90094
51383
27918
69630
72706
68564
88262
56685
4523
67536
14055
90347
22985
58276
22272
90223
59747
23787
35177
71695
93703
24026
97322
73358
75831
30304
97122
98434
50055
38239
40170
14158
28439
6254
29680
61631
19259
72895
17886
4717
57087
9506
94956
39600
16356
52741
4183
297
14559
31079
85279
93763
42753
34396
45043
14246
87214
86408
87559
98972
40546
36092
47201
99330
48144
78080
53705
14433
19713
22486
33905
85773
26563
27061
89701
84197
34838
69379
82783
7953
34448
72501
22848
94895
16872
69244
34383
74555
12290
19953
41225
2621
43947
26506
90761
57117
71866
89875
96812
95939
47771
17627
12618
20326
72891
13982
5371
97534
12059
55191
63508
61892
9804
43562
22759
8018
79133
80275
83683
60553
58807
23498
44979
14360
64888
7890
76787
61396
37107
30937
93858
36625
58646
84857
66712
65747
49014
53254
49414
19399
99154
29402
42034
34659
89535
62873
84336
76659
17149
62078
96947
13253
29336
8140
67897
28598
28421
42781
86378
65240
40442
41199
8249
10138
48818
72233
52901
52156
76646
9384
19426
54973
93729
78857
34296
14564
55973
36132
31209
26510
9234
53527
99560
26223
67730
32836
37174
2342
30570
47721
85041
22920
11240
74269
89835
9565
51675
77474
80431
76169
23567
32408
20618
32864
37764
44016
83469
19066
34633
84699
56369
2997
28855
60411
99793
22144
97926
70031
11948
97757
34728
99723
13685
10499
7160
74713
1544
78681
9800
26865
47556
7632
95887
61062
22992
24253
16676
43948
54599
91419
19528
97627
12341
18401
52255
64174
51182
18568
64724
93854
26276
65483
34163
45518
55147
31270
51194
16581
70673
40595
94396
25991
61255
16959
49401
55432
9937
25735
98236
783
31652
51222
10830
24906
74892
52835
72977
35897
73398
87518
36948
25760
72798
77210
43613
64639
16579
48225
90692
23411
99977
41960
42768
65404
55762
86481
45693
58499
92685
73055
9888
66485
48588
21069
82803
68153
75451
99861
19933
68028
65749
72527
72801
17674
37042
85585
5803
35152
54592
16620
89909
14419
26122
26042
90247
35419
80057
16636
46215
65633
14839
54220
34275
77485
47060
5427
49183
16748
74405
31217
60678
10891
7207
66173
45457
12568
82679
71775
18033
67162
90286
23409
36407
87629
17915
86568
33830
60753
87944
97232
14881
58228
59071
37503
58661
55170
32221
82949
7973
60282
24235
57015
2329
13222
11512
40413
20353
6239
57145
74432
67406
48041
40150
92102
39274
6805
86813
64328
21622
65202
21840
84527
24030
92037
43483
76871
93613
41671
79192
88653
62214
71144
7916
53859
69259
69575
21754
49281
39235
24936
4334
33998
58945
57554
32642
64866
16411
45350
50979
99328
69170
22996
88799
14866
93599
71152
87508
47236
13549
45210
7224
33526
97308
88296
30001
79551
50250
58326
95542
64679
19522
72293
49114
90497
36788
10346
42159
29456
6278
13790
24823
63214
66989
39888
37512
6703
98947
35576
25798
64926
93794
65680
3576
38481
20936
81439
61219
11466
58296
70847
3089
6316
71636
28045
50797
25350
77047
29592
93889
26584
74128
72106
64452
35640
19614
34719
709
92700
43820
69661
24801
30562
78749
7342
71291
27873
78322
82725
13768
43264
31899
90103
24086
27696
82924
74242
9499
56095
55779
27854
68153
68434
90948
80145
41388
79018
95704
29867
17552
57716
90190
14718
51314
23077
83788
14943
49491
2790
13856
1200
53244
19466
38033
12403
45412
76252
35684
9225
26091
72607
42249
48495
51082
89612
97101
38556
17362
60717
93210
61411
61087
63585
75745
82869
50264
58857
92443
26343
45777
88697
2950
24646
40884
31676
17394
18767
75208
57074
13190
84543
65951
59310
73057
31791
2472
62051
84047
41020
54082
52140
40528
76789
91620
13321
24894
79090
7699
21615
63292
75416
63193
49576
37047
94258
65132
5128
21595
35290
47129
39911
29119
37040
26186
23597
75220
19456
87606
60684
21583
92962
89
94696
95295
69151
52020
81288
85647
65811
84023
69296
31148
62245
53405
5559
2132
78494
44398
94104
93157
46091
1319
62375
22549
29629
34581
69369
47138
12087
45334
28690
35446
58574
104
82136
33864
1985
57458
40873
50053
53033
9470
41226
29921
56579
15368
19340
8817
1263
6772
91006
89624
75970
76473
13007
15239
28882
63682
67932
58278
39688
89581
91758
45647
82944
60863
63279
27796
14531
95806
24752
29576
64752
62230
68698
57731
26353
84125
76505
71228
192
55111
53745
70888
208
83209
45716
95701
6895
3075
52214
73236
68508
6846
50418
9664
73843
62573
44604
71359
19424
41196
58562
29857
13702
11774
90806
28291
96711
40093
51032
94347
53706
55406
52913
38844
47298
48083
53944
91184
51845
4173
7858
86223
18001
84755
59356
49628
8090
57404
90862
89736
73205
99006
24479
11641
76191
92025
37792
23745
5286
52912
65384
31364
46792
66026
80987
53259
31271
43286
95006
36941
97101
60536
24663
8998
1138
53850
58194
33080
9807
87620
55788
4384
96851
30338
69726
2409
27549
14216
47768
88737
41711
81452
29154
28832
51020
34246
11605
39940
3309
68910
28374
24551
8850
79456
90699
67973
66296
64999
94347
88990
79355
21095
96021
79429
33823
47657
58747
76051
20366
57788
36697
91792
21842
4884
49953
20078
39292
51682
60687
64951
16670
97190
6593
29468
87954
77503
95082
98871
84597
13675
54567
61780
39263
55052
4732
39329
69561
1922
3423
82172
68044
78462
2123
75242
35239
94261
55508
84618
96732
9164
3045
29049
51179
15044
52687
89834
11077
7468
11308
19703
27013
20770
84997
91575
5939
75084
34320
38054
97314
62629
6861
99289
6146
99634
21142
60025
75900
37984
72641
43867
62656
47267
59373
67144
52461
67634
86446
97558
10201
85337
9719
51566
65230
93904
91174
4832
4146
21724
57239
33467
87925
9255
38027
17373
4788
40154
5448
78470
41633
47448
80777
73959
13383
57999
38526
85712
57035
48925
72700
34912
85937
34122
44411
14683
32344
40135
61485
97815
78487
53268
13673
91218
24753
95194
30189
29190
40595
35139
78327
10423
56682
69295
1667
32060
36302
68103
65822
93624
21215
86993
74835
4677
31383
55645
87383
86609
94140
26426
58995
14066
58585
21376
74617
81585
72942
88180
75589
95792
57143
79060
49308
86150
95490
48849
87621
10882
33838
41876
57128
52139
39867
90603
19988
59952
70521
62471
11432
34900
5188
31172
9679
85057
10638
90537
66483
29148
9288
53718
58771
98530
47029
13380
12116
89014
53482
43375
92754
28036
77628
61623
77616
70877
9101
16897
55208
48661
56624
83603
43550
21831
59788
1927
32599
92336
12889
8146
95323
73784
55696
24359
20137
85175
87210
75374
45188
83985
48328
85345
70281
57932
67050
58394
99562
84717
86386
15495
55618
38211
15352
4198
50022
38572
58668
1288
72746
52746
76455
26042
808
21955
76784
15341
11647
13525
81721
13265
68487
22916
5517
71998
76903
58438
64132
90203
88160
33039
20858
96593
96835
25141
95531
75913
19684
12858
55761
39830
80376
26404
10183
52937
55401
1472
49180
27188
5543
95718
23823
59095
28596
49
18985
12099
36156
33423
33464
25592
65491
30237
83650
38515
83598
80523
82296
69562
88404
2883
44443
20753
71512
77740
24795
95199
43941
98272
3440
8829
30818
93143
40196
41995
12114
15649
79475
26537
52193
88634
64681
88939
85064
20210
26437
98108
60537
97479
16728
72811
10461
87488
87298
53176
30589
16205
49537
31519
25544
49775
25895
74465
14435
39196
67596
5063
99907
96386
99744
47898
31889
10126
653
46316
20750
70871
42926
62609
75668
41151
4777
62995
4950
45051
58039
12863
87711
4953
46720
65635
93000
54465
23232
13346
93872
38798
34210
98398
65492
10779
98260
55924
86307
96371
20717
88866
25953
8032
7622
66527
23903
44213
56003
34922
41224
75251
93288
43937
13537
70774
31849
99394
96662
98853
42039
99
20492
5990
62037
59501
51712
27082
21103
77888
27070
37992
32976
42512
94901
50795
62606
16532
14902
94077
49481
97773
32010
2148
39778
62559
10800
30283
17602
4634
48445
41593
438
74943
68113
24105
14770
15624
87559
68074
56117
31580
62765
41487
17950
78567
84730
46445
55074
49457
28608
9186
66030
61914
2091
30474
42340
8661
32358
63126
84115
354
66330
53911
48318
73573
60769
26091
10238
88953
61833
93008
36556
78349
37054
40346
30294
44586
76518
47848
97831
32474
96849
2846
53856
30075
53765
3167
76861
93538
73709
48766
98430
16008
16112
7177
36391
28595
29796
72027
26619
79704
76171
70105
83291
75557
34797
65123
82139
58782
66750
49898
33942
66819
73351
43504
17911
63394
15912
89239
60230
67279
67921
58394
906
1637
99562
93198
75811
32756
22222
71320
36912
78349
15468
52807
83530
52453
94354
65822
24974
78395
75849
34870
90963
47885
95928
44458
79996
52286
31609
46690
43348
72314
2895
13303
95257
68425
23974
11439
8367
44308
30115
67620
93114
37534
53395
4510
6522
44883
43000
39723
84285
21442
59847
43330
60119
34768
9368
43051
27086
93820
34745
26861
92279
82383
77801
78842
90821
79057
97881
4945
57541
37398
37634
29874
15761
33627
81860
3955
10004
89965
77268
29370
38330
9064
24073
35377
7371
31894
41593
72496
25207
24264
70272
74541
77397
67306
40109
36656
25490
97938
39466
27392
51806
23491
93707
42485
52925
97367
66452
11997
21137
38134
97495
79573
87759
95109
68325
64407
12813
83243
92121
80945
25690
66272
78415
90301
96246
35429
7318
38927
82006
57550
52387
83094
95643
58208
5481
24358
97706
69771
86654
61052
82494
64265
67780
12158
22165
31101
28290
79506
78186
76172
21491
40360
69125
86232
33176
31322
96281
60678
93167
84110
84572
14548
22909
57694
77098
66752
66416
43078
16644
96341
49454
99035
99790
82751
27408
94371
40281
17284
57701
92378
30924
82154
20148
82787
15383
29453
80229
27854
89091
72948
32002
62500
47646
61331
1550
3528
35026
51039
21297
43878
13024
45299
80726
80822
78412
52887
10167
49168
66902
88618
9108
66769
53504
59298
95575
86720
64506
82002
70493
20023
7063
14044
55132
55556
79577
59791
42953
13560
17375
14440
98477
51743
87289
39130
76211
49234
36643
86498
32687
18369
16586
48545
9215
51376
37121
17580
84168
80469
68913
40445
62062
9196
81504
76382
47193
2683
54126
45082
96008
16853
11067
44046
79207
99131
59189
38524
58379
14525
72352
67673
19739
88189
23240
59765
78171
2719
981
53819
37292
47361
14601
81482
84797
60067
14625
22987
48674
61539
98432
90510
91759
24504
62207
92900
56615
44471
20075
3819
75560
41555
67700
49059
99696
29706
97624
93537
17967
95283
89446
74965
6511
37570
87555
86095
68701
38133
14794
49307
91717
89282
37595
25141
727
47340
2409
71421
36640
74759
40125
57659
94401
90108
42102
20257
46574
37915
36964
39123
63205
47521
42182
773
92783
65745
94694
5512
83736
89160
16502
14881
4737
85685
37812
55555
60535
57633
54731
22553
9566
99246
21510
38058
63217
46406
25912
76850
63753
84856
56352
29036
43886
83119
30478
7626
23040
92100
65876
99878
72626
96191
40812
73926
4388
52654
24118
58170
4887
82660
20559
29235
7998
21909
16924
90809
94043
12080
84047
79078
88281
6583
26957
96593
62644
26167
24549
59137
87700
64813
10944
16521
7731
57362
95089
62616
36602
49450
86593
2167
33328
43093
76937
96499
98076
40352
36703
60998
76090
50111
52309
43341
45652
95869
75471
98152
65728
86672
44439
51036
51059
1101
93064
54248
61039
74623
85165
19100
16035
52608
75639
23006
50826
64026
43294
37182
49125
24198
8942
38080
48420
1919
62231
32346
87193
94248
70321
12076
44441
85400
1177
14641
88652
5201
29331
25829
14604
89081
82544
20022
2302
70837
24496
38921
89583
42131
77011
79239
38839
56211
33907
60865
96968
54495
66418
27168
53637
14964
26236
74399
99810
4293
1351
78032
34702
4143
51383
25117
79156
5391
98658
35845
20209
69463
53871
19043
9645
71107
86321
59990
33065
88150
82236
4847
72534
61677
40434
81120
3418
59528
47569
53075
32130
46476
5341
89072
46583
30417
27451
37344
76370
38521
7978
18204
96437